nm  daylight    LED
380	0.012741860655514	0.00188192478073663
381	0.0151567830144912	0.00233648155422383
382	0.0174933820920776	0.000865850248995215
383	0.019207215566411	0.000359856557330776
384	0.0209000354774445	0.000983845912117007
385	0.0244289495947384	0.000740205543184343
386	0.0298720082962639	0.00100060999112784
387	0.0349343667276151	0.00100465298756261
388	0.038970608301722	0.000501146076426925
389	0.0435308244412302	0.000823560385170371
390	0.0516769915127036	0.000464112931315294
391	0.0585978222307125	0.000465352880370371
392	0.0621319215129766	0.000776015227514033
393	0.0640995551674262	0.000868294690587222
394	0.0701989465928008	0.000948616135980741
395	0.0841088338836886	0.000123111786236243
396	0.0988155991594575	0
397	0.113339519144175	0.000225752482624504
398	0.137087574707311	0.000265693528079539
399	0.168045738613105	0.000173220882994247
400	0.199033921895041	0.000442510263333509
401	0.227489561444205	0.000887159969881278
402	0.253729225227192	0.00112175470304887
403	0.279152907785935	0.00148617465815479
404	0.299893567666403	0.00176316102540814
405	0.320033840024016	0.00234161970292898
406	0.344786180170838	0.00328148180346959
407	0.373441039216221	0.00406054217505763
408	0.405971126818219	0.00484961599169361
409	0.435308244412302	0.00665906585427015
410	0.464236006877166	0.00927267702781992
411	0.497857708157083	0.0120330563537827
412	0.534126572605955	0.0150083325675272
413	0.570368146712878	0.0189551504811361
414	0.597631198318915	0.024489081616951
415	0.622492699833529	0.0310514201185254
416	0.645198264334252	0.0382414989437493
417	0.662745954206806	0.0467578831102192
418	0.674617252954179	0.0574831454178868
419	0.684387195371558	0.0705614761346671
420	0.699233141391262	0.0848752572501306
421	0.714979668695249	0.100391091451497
422	0.722020576917829	0.118587254246779
423	0.724094642905876	0.140558711849282
424	0.725650192396911	0.164735998312208
425	0.726250579919766	0.189487669713144
426	0.725595611713015	0.217036804599724
427	0.720928963239909	0.249532551610348
428	0.71197773108097	0.284022465616371
429	0.69519417078296	0.318382692498754
430	0.67284338072756	0.353050444767093
431	0.671833638075485	0.392954328432902
432	0.705428049013454	0.434133036296112
433	0.749692983653085	0.471463513468502
434	0.777965777911197	0.506475252555939
435	0.792784433588953	0.541902024203515
436	0.81205141500423	0.575118491553174
437	0.82599677973965	0.600446980816596
438	0.824659552984199	0.62034688939188
439	0.817782386813307	0.634912177869395
440	0.826569876920558	0.641558674212258
441	0.851158475015692	0.640534018944359
442	0.873236361651611	0.632745977377492
443	0.890538438446634	0.615334446938346
444	0.899435089921677	0.58867088647919
445	0.899544251289469	0.559344588724762
446	0.902245995142319	0.528174427964021
447	0.912534454056709	0.493070123996948
448	0.9289086592255	0.453139254907913
449	0.947111317304806	0.41365406875931
450	0.960374423491526	0.377761235764186
451	0.968807139153454	0.343931573523625
452	0.965232104358268	0.311282870553018
453	0.949840351499604	0.28130253777572
454	0.939961247714434	0.256526801514246
455	0.945746800207407	0.235404471905799
456	0.958818874000491	0.215401630974651
457	0.966542040771771	0.19723387423627
458	0.967060557268783	0.182148560289305
459	0.966214556668395	0.168872160191391
460	0.966241847010343	0.155680950924207
461	0.972927980787599	0.143908358224967
462	0.981115083371995	0.13376572345322
463	0.981251535081735	0.124151707220919
464	0.975302240537074	0.115856550599016
465	0.965996233932811	0.107916769306889
466	0.957454356903092	0.100646439924826
467	0.954834484076085	0.0948374613656538
468	0.955762355702317	0.0892836989701333
469	0.955789646044265	0.0850113695355679
470	0.95450699997271	0.0817190804217032
471	0.958136615451792	0.0788817187453457
472	0.967115137952679	0.0772016113154356
473	0.975575143956554	0.0759422539305011
474	0.978549791228884	0.0751003661836538
475	0.977157983789537	0.0751395869805576
476	0.97805856507382	0.0758638312868195
477	0.981688180552902	0.0771445173157698
478	0.987446442703927	0.0784549305922665
479	0.994350899216767	0.0803452027151544
480	0.999426902819092	0.0831813441018315
481	1	0.0858216286379496
482	0.994787544687935	0.0886554891919198
483	0.985672570477308	0.092717886835537
484	0.964140490680348	0.0974771597260422
485	0.930573370084327	0.102203996284615
486	0.899680702999209	0.107763399004583
487	0.889692437846246	0.114019544275902
488	0.90710367600906	0.120730332576506
489	0.934885244112109	0.127878418834731
490	0.952596676036351	0.135733665331929
491	0.955816936386213	0.144876701492336
492	0.951505062358431	0.154771556274948
493	0.951832546461807	0.165090730962367
494	0.959310100155555	0.175695227796792
495	0.966050814616707	0.187771163174317
496	0.967824686843326	0.200876702785349
497	0.962994296318533	0.214791942950986
498	0.954970935785825	0.229715644595662
499	0.944982670632863	0.245123380822748
500	0.932374532652894	0.262964637228032
501	0.921676718609284	0.281500746517768
502	0.915891166116311	0.299498750942511
503	0.916082198509947	0.318752558165338
504	0.923450590835903	0.339441318896428
505	0.933793630434189	0.360674397262231
506	0.940561635237289	0.381816861466177
507	0.941380345495729	0.403223035893984
508	0.939988538056382	0.424958630584761
509	0.940561635237289	0.446325298953851
510	0.944436863793903	0.46728803190447
511	0.946892994569222	0.488109234193678
512	0.943972927980788	0.508099688626745
513	0.933902791801981	0.52733310375395
514	0.920803427666949	0.544971648010489
515	0.906612449853997	0.56128210061863
516	0.886281145102748	0.575195145021236
517	0.865895259667604	0.587562500070445
518	0.861556095297874	0.599289667403269
519	0.878094042518353	0.608007136336397
520	0.902682640613487	0.613786020514653
521	0.920666975957209	0.617787097926389
522	0.930191305297055	0.618531910379158
523	0.9356766640286	0.615759953423976
524	0.938460278907295	0.610888574679199
525	0.935567502660808	0.60514749606157
526	0.924487623829927	0.596976658439684
527	0.917774199710722	0.585328218232658
528	0.92525175340447	0.571857002494655
529	0.943891056954944	0.557083533917408
530	0.960429004175422	0.54150607060369
531	0.962503070163469	0.52563380925726
532	0.954070354501542	0.507892558424396
533	0.948721447479737	0.489712388086458
534	0.950085964577136	0.472489071958343
535	0.954670742024398	0.454691553076303
536	0.957836421690364	0.437280002796091
537	0.95423409655323	0.420044312088587
538	0.945664929181563	0.403599453422256
539	0.93540376060912	0.388558539707648
540	0.926807302895505	0.373926624914508
541	0.920803427666949	0.358951374052494
542	0.92268646126136	0.345133768883334
543	0.929345304696668	0.332671730166812
544	0.934230275905357	0.320152258649586
545	0.936713697022624	0.308343260084286
546	0.93663182599678	0.296759781164602
547	0.934994405479901	0.285779419207761
548	0.934257566247305	0.275911988859442
549	0.934967115137953	0.266438759128559
550	0.93581311573834	0.257230315132295
551	0.937341374887427	0.247775333701817
552	0.938405698223399	0.238923652687266
553	0.938487569249243	0.23071314027334
554	0.938023633436127	0.223111011590547
555	0.93690472941626	0.215986234787112
556	0.931446661026663	0.208574031084254
557	0.92132194416396	0.201809760880916
558	0.91116993695931	0.195601283495423
559	0.905930191305297	0.189398364574352
560	0.906012062331141	0.183791237352947
561	0.910078323281391	0.178293765351951
562	0.913762519444369	0.173307727363772
563	0.913489616024889	0.168603089019573
564	0.911088065933466	0.164255920650777
565	0.906612449853997	0.160517606208334
566	0.901809349671151	0.156614274124563
567	0.896733346068826	0.152789685466213
568	0.891575471440657	0.149219125178903
569	0.885025789373141	0.145960526734079
570	0.879458559615752	0.143159101666687
571	0.87866713969926	0.140347021721703
572	0.882815271675354	0.137755849388317
573	0.888437082116639	0.135394629999463
574	0.889310373058974	0.132994857268872
575	0.885298692792621	0.130919164994115
576	0.881778238681331	0.128974357487725
577	0.8794858499577	0.127100329922922
578	0.879049204486532	0.125584104246298
579	0.883333788172366	0.124372026418472
580	0.890620309472478	0.123068177732844
581	0.899325928553885	0.121882740124302
582	0.90737657942854	0.121204492967733
583	0.910296646016975	0.120844074870526
584	0.907676773189968	0.120443956379111
585	0.899626122315313	0.119947922346771
586	0.885789918947684	0.120174670110426
587	0.862238353846574	0.120901970173071
588	0.831236525393663	0.121418695412923
589	0.80528341020113	0.122354111483873
590	0.79444914444778	0.123443473104563
591	0.80135360096062	0.12481511461437
592	0.814098190650329	0.12671162089093
593	0.82247632562836	0.128736335055596
594	0.826296973501078	0.131432568494077
595	0.829435362825096	0.134869399807328
596	0.835957754550664	0.138314889758682
597	0.843135114482984	0.142322445293009
598	0.848374860136997	0.146958144482057
599	0.853177960319843	0.152475633630072
600	0.857790028109052	0.158455075153489
601	0.86092841743307	0.164944559582681
602	0.865458614196436	0.17204881506775
603	0.871162295663565	0.180175776362288
604	0.877057009524329	0.189841668713845
605	0.880877657397047	0.199955864811273
606	0.880522882951723	0.210933329928212
607	0.877602816363289	0.22388642245153
608	0.871953715580056	0.23836306680013
609	0.865867969325656	0.254152694524696
610	0.862129192478782	0.272398062140046
611	0.859563900335671	0.292797112739287
612	0.855715962121005	0.315715591967544
613	0.851213055699588	0.341384829973109
614	0.846137052097263	0.370669554767138
615	0.842016210463117	0.404294890908444
616	0.83980569276533	0.442029601077716
617	0.839587370029746	0.482799704623117
618	0.84346259858636	0.528238909697089
619	0.848756924924269	0.579103606599073
620	0.851758862538548	0.634639058781936
621	0.849548344840761	0.694154737046725
622	0.844499631580384	0.755505106188836
623	0.837949949512867	0.818815604147859
624	0.831127364025871	0.879277231248753
625	0.825123488797315	0.932930227048561
626	0.817482193051879	0.975729699479203
627	0.810113800725923	1
628	0.804546570968534	0.999743139010982
629	0.801544633354256	0.972084999083933
630	0.802827279425811	0.919455068035705
631	0.805447152252818	0.84558119034097
632	0.809295090467483	0.756096724907495
633	0.813525093469421	0.66116755225376
634	0.817836967497203	0.571464048097743
635	0.8226127773381	0.49035610756161
636	0.825614714952378	0.420167696231239
637	0.828862265644188	0.362089610903144
638	0.830718008896651	0.313321240512757
639	0.829762846928472	0.272549962405318
640	0.827497748546789	0.239832886382852
641	0.824632262642251	0.212747881495137
642	0.823704391016019	0.190525946077526
643	0.82220342220888	0.171758277858576
644	0.816363289032011	0.155416093775885
645	0.805501732936714	0.142445945550999
646	0.791010561362334	0.131699023620808
647	0.778184100646781	0.12195136013278
648	0.769369320197582	0.114053471534644
649	0.766258221215512	0.107595374749492
650	0.771743579947057	0.102213755016116
651	0.778484294408209	0.097522812743081
652	0.78077668313184	0.0931524442194624
653	0.778020358595093	0.0895642570953018
654	0.764839123434217	0.0861542818305262
655	0.744808012444396	0.0831276333579229
656	0.732008842070791	0.0809623716261635
657	0.739486395764539	0.0787881479560572
658	0.760281636328903	0.0766837455317677
659	0.782250361597031	0.0747924412162753
660	0.799497857708157	0.072753751992197
661	0.808421799525148	0.0710047539474757
662	0.811587479191114	0.0696109859487536
663	0.81287012526267	0.0683616510327637
664	0.81259722184319	0.0668121595716296
665	0.812897415604617	0.0651570287386627
666	0.813606964495265	0.0640671311101369
667	0.812542641159294	0.0629797135288087
668	0.81177851158475	0.0617793234050611
669	0.810250252435663	0.0603227895550219
670	0.807330185847229	0.0590481415757522
671	0.804519280626586	0.0582708872209477
672	0.803454957290615	0.0573022794087766
673	0.803318505580875	0.0559841898930068
674	0.803373086264771	0.0545947186701656
675	0.803400376606719	0.0539403141700958
676	0.80176295608984	0.052896497741864
677	0.799661599759845	0.0514321705668979
678	0.798761018475561	0.0506978398600672
679	0.798351663346342	0.0498028778011368
680	0.79715088830063	0.048862043406768
681	0.795185983680375	0.0477309990314565
682	0.793002756324537	0.0467151499667002
683	0.78781759135442	0.0458258369256821
684	0.773926807302896	0.04490586850697
685	0.744098463553748	0.0441219867671568
686	0.700570368146713	0.0429706416626239
687	0.661599759844991	0.0421778139414435
688	0.643915618262697	0.0412632771971082
689	0.649755751439566	0.0402789801287002
690	0.66648473105368	0.0394962179110783
691	0.676472996206642	0.0387412008288949
692	0.676691318942226	0.0377483304724762
693	0.673989575089376	0.0367528584288113
694	0.674317059192752	0.0363203473930219
695	0.684933002210518	0.035935876082651
696	0.702125917637748	0.0347667598039416
697	0.712141473132658	0.03378350992978
698	0.710504052615779	0.0332017390906602
699	0.701934885244112	0.0321703293585174
700	0.693147395136861	0.0311366427033868
701	0.69153726496193	0.0305022752344212
702	0.697104494719319	0.0301259496146364
703	0.706601533717217	0.0290853535133321
704	0.71672625057992	0.0280815796471961
705	0.726769096416778	0.0275018701951501
706	0.734901618317277	0.0269536449678961
707	0.740659880468302	0.0263300196657895
708	0.746117948857899	0.0255568919640099
709	0.749774854678929	0.0251671663955859
710	0.752667630925415	0.0247918208853302
711	0.755260213410474	0.0245720342809954
712	0.753486341183855	0.0240284511409453
713	0.746636465354911	0.0233590068483638
714	0.729443549927681	0.0226490892293395
715	0.690227328548427	0.0214673710003263
716	0.63059793139208	0.0207875824391141
717	0.564309690800426	0.020796956932273
718	0.512376170073411	0.020199125805183
719	0.495701771143192	0.019722337205445
720	0.515105204268209	0.0193737790213741
721	0.549272712387086	0.0187513913488385
722	0.569576726796387	0.0181051003467945
723	0.561253172502251	0.0171452142277641
724	0.539721092705292	0.0168944481204321
725	0.527413148486751	0.016399214060706
726	0.527058374041427	0.0161261783679934
727	0.531452119095052	0.0159697289850239
728	0.534426766367383	0.015607805218874
729	0.538684059711268	0.014838614265668
730	0.552356521027209	0.014479366687486
731	0.578500668613378	0.0135770427348558
732	0.616843599050296	0.0134589114497304
733	0.65294872144748	0.0138647792477992
734	0.676582157574434	0.0129749766361225
735	0.689354037606091	0.0125530205400502
736	0.696067461725295	0.0124253746638369
737	0.70589198482657	0.0119000056269864
738	0.718281800070955	0.0118041593528302
739	0.729743743689108	0.0115407320573391
740	0.741342139017002	0.011239236670195
741	0.754277761100347	0.0109828974247632
742	0.768223125835767	0.0103219088202012
743	0.778074939278989	0.0107762760632456
744	0.787626558960784	0.0103599461966876
745	0.79458559615752	0.0102037715363084
746	0.798952050869197	0.00988150506184717
747	0.800562181044128	0.00997567648741844
748	0.801107987883088	0.00998297403469647
749	0.801544633354256	0.00895050428336229
750	0.799852632153481	0.00841212835296713
751	0.798842889501405	0.00921603592103892
752	0.799006631553093	0.00900579208335001
753	0.800971536173348	0.00832989260361755
754	0.801571923696204	0.0078301193219188
755	0.802527085664383	0.00751662765463814
756	0.794531015473624	0.0076547452370554
757	0.758262151024752	0.00719893859761123
758	0.667467183363808	0.0063208844861552
759	0.523810823349616	0.00639040770051725
760	0.391780149005267	0.00642115213214699
761	0.325491908413612	0.00624780652433395
762	0.324127391316213	0.00693857153631461
763	0.35179979805147	0.00699746301919306
764	0.392789891657342	0.00584102815244341
765	0.461043036869252	0.00621447945200761
766	0.542968643397102	0.00625390728867416
767	0.616625276314712	0.00499026313634552
768	0.672352154572497	0.00530885979300891
769	0.708402696285784	0.00565731547343522
770	0.730726195999236	0.00616558119250985
771	0.747264143219715	0.00572725505825493
772	0.757006795295145	0.00519670386600444
773	0.765030155827852	0.00666887183785457
774	0.770515514559397	0.00627268237740102
775	0.77305351636056	0.00683555586802125
776	0.775591518161723	0.004776205791761
777	0.772316677127964	0.0045612971477447
778	0.77021532079797	0.00631116092922852
779	0.768577900281091	0.00794128276681802
780	0.767240673525639	0.00708089046422937
